1796	25.03025
1797	26.711900000000004
1798	24.289700000000003
1799	25.284166666666668
1800	25.207333333333334
1801	24.216099999999997
1802	25.62816666666667
1803	25.37908333333333
1804	25.679083333333335
1805	25.30191666666667
1806	25.220833333333335
1807	24.972600000000003
1813	24.56125
1814	23.733
1815	24.087166666666672
1816	23.697750000000003
1817	23.859583333333333
1818	24.369333333333334
1819	23.903333333333336
1820	24.117500000000007
1821	24.825999999999997
1822	24.93391666666666
1823	24.634333333333334
1824	25.295333333333335
1825	25.114499999999996
1826	25.11675
1827	25.357083333333332
1828	24.899666666666665
1829	24.707250000000002
1830	25.069166666666664
1831	24.426
1832	24.623199999999997
1833	24.845083333333335
1834	24.81566666666667
1835	23.897333333333336
1836	24.543083333333332
1837	24.416583333333335
1838	24.38141666666667
1839	24.454666666666665
1840	24.715500000000006
1841	24.493583333333333
1842	24.776083333333332
1843	24.746416666666665
1844	24.355833333333333
1845	24.603916666666667
1846	25.15591666666667
1847	24.661
1848	24.449916666666667
1849	24.4905
1850	24.777916666666673
1851	24.75758333333333
1852	24.652
1853	24.882916666666674
1854	25.021333333333335
1855	25.24045454545455
1856	23.862272727272725
1857	24.301083333333334
1870	24.889499999999998
1871	24.882416666666668
1872	24.943916666666663
1873	25.05633333333333
1874	24.25290909090909
1875	25.382833333333338
1876	24.9315
1877	25.081666666666663
1878	25.18275
1879	24.859916666666667
1880	25.454333333333334
1881	25.087083333333336
1882	24.891166666666667
1883	24.82491666666667
1884	24.666666666666668
1885	24.37658333333334
1886	24.89366666666667
1887	24.897333333333332
1888	24.882416666666668
1889	25.21475
1890	25.057916666666667
1891	24.67916666666667
1892	25.487583333333333
1893	23.83791666666666
1894	24.735916666666668
1895	25.151416666666666
1896	25.83441666666667
1897	25.394083333333338
1898	25.55258333333333
1899	25.855416666666667
1900	25.55966666666667
1901	25.493166666666667
1902	25.66083333333333
1903	25.141000000000002
1904	25.068583333333333
1905	24.74875
1906	25.165833333333335
1907	25.024250000000006
1908	25.14066666666667
1909	24.746250000000003
1910	24.81025
1911	25.355833333333333
1912	25.247083333333332
1913	24.944083333333335
1914	25.120083333333337
1915	25.734833333333338
1916	25.067999999999998
1917	23.842500000000005
1918	25.27983333333333
1919	24.83708333333333
1920	24.987083333333334
1921	26.042583333333337
1922	25.183083333333332
1923	25.261083333333335
1924	24.98216666666666
1925	24.85108333333333
1926	24.779749999999996
1927	24.731916666666674
1928	25.6545
1929	25.387833333333333
1930	25.098583333333337
1931	25.57808333333333
1932	25.627416666666665
1933	24.518749999999997
1934	24.96066666666667
1935	24.806
1936	24.755166666666664
1937	24.809250000000002
1938	25.36041666666667
1939	25.236750000000004
1940	25.0735
1941	26.302083333333332
1942	25.395
1943	25.25266666666667
1944	24.982916666666668
1945	24.780083333333334
1946	25.467833333333335
1947	25.724833333333333
1948	25.44808333333333
1949	25.59841666666667
1950	24.66125
1951	25.58408333333333
1952	25.835916666666673
1953	26.136333333333337
1954	25.677166666666665
1955	25.15358333333334
1956	25.301
1957	24.905833333333334
1958	25.93433333333334
1959	25.5565
1960	25.534916666666664
1961	24.80425
1962	25.184666666666658
1963	25.456
1964	25.048000000000002
1965	25.256
1966	25.517999999999997
1967	24.975333333333335
1968	25.02091666666667
1969	25.801083333333338
1970	25.387166666666662
1971	24.80666666666667
1972	25.4235
1973	25.56316666666667
1974	25.52066666666667
1975	25.023583333333335
1976	25.328749999999996
1977	25.405083333333334
1978	25.20608333333333
1979	25.8105
1980	26.01558333333333
1981	25.787666666666667
1982	25.175583333333336
1983	24.747333333333334
1984	25.564083333333333
1985	25.864583333333332
1986	25.309083333333334
1987	26.539
1988	26.10566666666666
1989	25.432583333333337
1990	25.538250000000005
1991	25.738666666666663
1992	25.521083333333337
1993	25.92141666666667
1994	25.86916666666666
1995	25.920333333333332
1996	25.54641666666667
1997	24.708166666666667
1998	25.768999999999995
1999	26.362833333333338
2000	26.048333333333332
2001	25.862916666666667
2002	26.63433333333334
2003	25.721083333333336
2004	26.23991666666667
2005	25.716083333333334
2006	26.365916666666667
2007	26.14566666666667
2008	25.675
2009	26.55425
2010	26.520250000000004
2011	25.629499999999997
2012	25.889416666666666
2013	26.70925
